953
1872
2238
933
927
923
921
917
915
914
911
908
907
905
903
902
900
898
895
892
891
889
887
885
883
882
880
878
876
874
872
870
866
866
865
863
861
859
857
852
850
848
846
845
843
841
838
836
834
833
829
827
826
823
820
819
816
814
812
811
809
807
805
803
801
798
795
793
790
788
785
784
780
778
778
776
774
772
769
767
765
761
760
757
755
752
749
748
745
744
742
740
737
735
734
730
728
726
724
723
722
721
719
716
713
711
708
707
706
704
702
699
697
694
694
692
689
687
686
685
682
680
679
675
672
670
668
664
661
659
658
655
653
651
647
645
644
641
639
638
634
633
632
629
626
623
622
620
618
615
612
610
608
606
605
603
601
599
597
594
593
591
590
585
583
580
574
573
571
567
565
563
562
560
558
555
551
549
546
543
542
541
537
535
532
529
528
524
520
516
514
511
509
506
504
502
501
498
498
495
492
490
488
485
485
483
481
478
475
474
472
469
467
465
463
461
461
458
457
454
452
450
448
447
445
443
441
439
436
434
429
427
427
424
421
420
418
416
414
413
412
410
408
406
406
404
400
398
397
395
391
389
388
385
382
381
379
378
376
373
371
367
365
365
363
362
359
355
354
351
349
348
345
344
343
339
328
327
325
323
321
317
315
313
311
309
308
306
304
303
301
300
297
295
294
293
292
290
288
286
285
283
281
280
278
276
274
272
270
269
267
266
265
263
260
257
255
254
251
250
249
245
242
240
236
235
234
232
232
230
229
226
224
223
221
219
218
216
212
211
209
208
206
204
201
199
197
194
192
191
189
188
185
184
182
181
179
176
174
172
172
169
169
166
164
162
160
159
157
155
153
151
149
148
146
146
143
141
138
136
133
131
130
128
126
124
122
121
119
117
115
114
112
112
109
107
105
102
100
99
97
95
94
92
90
88
87
91
87
86
84
82
80
79
77
75
74
73
70
68
64
61
58
56
54
50
49
45
43
39
37
36
33
31
27
25
24
23
21
19
17
15
12
16
14
12
11
7
11
9
6
8
8
5
7
5
8
6
4
8
7
5
9
6
5
8
8
6
6
4
7
5
4
7
5
7
4
7
6
7
5
4
6
4
5
3
4
2
7
5
8
6
6
9
7
7
10
5
6
4
5
4
6
5
6
4
8
6
4
7
5
4
4
5
6
4
7
4
7
6
4
7
6
4
7
5
3
8
6
11
8
6
4
6
4
8
6
5
4
6
4
5
4
6
3
6
4
8
6
4
6
6
6
7
5
4
7
6
9
7
14
12
10
8
10
7
3
6
5
3
6
3
6
4
6
5
3
6
4
6
4
5
3
4
6
4
6
4
5
4
6
4
7
5
4
4
7
6
3
4
6
3
6
4
7
5
4
6
5
7
5
3
6
4
2
5
3
6
4
5
3
5
7
6
8
7
5
6
4
6
4
4
6
4
5
3
5
3
4
2
5
4
5
7
5
4
6
4
6
3
5
3
5
3
7
6
8
7
5
3
6
4
6
3
4
6
4
6
4
3
7
5
3
6
5
3
6
4
6
6
4
6
4
3
5
3
4
7
6
4
6
3
5
4
9
7
4
7
4
6
4
7
5
8
7
5
4
7
5
7
5
8
7
5
8
7
6
4
7
7
5
9
7
6
8
6
4
3
5
8
5
3
7
6
3
7
6
8
6
6
10
7
6
5
7
6
5
6
5
4
5
4
7
5
3
6
5
7
6
6
6
3
6
4
8
6
4
6
4
6
4
6
4
5
4
5
4
6
4
8
6
3
6
5
3
5
4
5
2
6
3
5
3
6
6
7
7
5
6
4
3
4
6
4
6
4
6
4
6
4
6
4
5
3
3
6
7
4
7
5
7
4
6
5
7
4
4
6
4
5
3
6
4
7
5
3
5
3
4
4
7
5
8
4
7
5
6
5
3
6
4
7
5
7
6
4
6
4
6
4
2
5
3
5
4
5
7
9
7
6
5
8
6
4
6
4
7
5
4
7
6
5
6
6
5
3
5
4
6
5
7
5
7
5
4
7
3
5
4
6
4
6
4
7
5
3
6
6
4
8
6
7
5
4
7
5
3
5
7
5
4
5
3
6
5
3
5
3
5
6
6
4
5
3
4
7
6
4
6
3
5
3
5
3
5
7
4
3
4
5
7
6
7
3
6
5
8
4
7
5
7
6
7
5
4
5
3
5
3
5
4
5
4
4
7
5
7
5
6
5
6
4
8
7
5
4
6
5
9
7
6
8
6
8
5
6